Sanity check for PERSONID P000003:drug: [[0. 0. 0. ... 0. 0. 0.]
 [0. 0. 0. ... 0. 0. 0.]
 [0. 0. 0. ... 0. 0. 0.]
 ...
 [0. 0. 0. ... 0. 0. 0.]
 [0. 0. 0. ... 0. 0. 0.]
 [0. 0. 0. ... 0. 0. 0.]]
drug_len: 15
lab: [[ 1.5278647  -0.03192184  0.01310789 -0.1699512  -0.65317136 -1.1064736
  -0.07471511 -0.57369506 -0.6343366  -0.32461295 -0.12817451 -0.07408509
  -0.05418376 -0.00878729 -0.01672881 -0.03434074 -0.04552704 -0.10240976
  -0.47333902 -0.15877117 -0.20082417 -0.04686467  0.48249725 -0.06085229
  -0.0312379  -0.19266015 -1.5099807   0.61434126 -0.07561777 -0.04317869
  -0.04350766  0.32371062 -1.606131   -0.3002677   0.5169302  -0.1230231
  -0.47742677 -0.13984449 -0.12987666 -0.3305814  -0.0148157  -0.08300465
  -0.16372292 -0.03313399 -0.06162535 -0.03404847 -0.5033811 ]
 [-0.07251051 -0.03192184  1.5617726  -0.1699512  -0.14589982 -1.2591357
  -0.07471511 -0.12367383 -0.09012575 -0.25973752 -0.12817451 -0.07408509
  -0.05418376 -0.00878729 -0.01672881 -0.03434074 -0.04552704 -0.10240976
  -0.09857273 -0.15877117  0.28809962 -0.04686467 -0.7511981  -0.06085229
  -0.0312379  -0.24126805 -1.9187837   0.72101563 -0.07561777 -0.04317869
  -0.04350766  1.0472003  -0.08041699 -0.3002677   0.5169302  -0.1230231
  -0.07906385 -0.13984449 -0.12987666 -0.13931902 -0.0148157  -0.08300465
  -0.08895895 -0.03313399 -0.06162535 -0.03404847  0.01800712]
 [-0.07251051 -0.03192184  0.01310789 -0.1699512  -0.14589982 -0.19615494
  -0.07471511 -0.12367383 -0.09012575 -0.32461295 -0.12817451 -0.07408509
  -0.05418376 -0.00878729 -0.01672881 -0.03434074 -0.04552704 -0.10240976
  -0.47333902 -0.15877117 -0.03076372 -0.04686467 -1.1624299  -0.06085229
  -0.0312379  -0.5815234  -2.3275867   0.543225   -0.07561777 -0.04317869
  -0.04350766  1.1458579  -0.08041699 -0.3002677   0.5169302  -0.1230231
  -0.2963527  -0.7228298  -0.12987666 -0.13931902 -0.0148157  -0.08300465
  -0.08895895 -0.03313399 -0.06162535 -0.03404847 -0.21409471]]
lab_len:3
diagnosis: [[ 0.09615843 -0.514245    0.60770565 ... -0.15228678  0.16925308
   0.2534674 ]
 [-0.12906754  0.27876395  0.5871734  ... -0.34056047 -0.26298404
  -0.03520685]
 [-0.19598274  0.2112573   0.22851549 ... -0.23419265 -0.09449982
  -0.16377039]
 ...
 [ 0.21839     0.8014077   0.00811943 ... -0.83570683  0.578526
   0.05775065]
 [ 0.04489667  0.94930786 -0.21873856 ... -0.7733026   0.57924795
   0.8119797 ]
 [ 0.09615843 -0.514245    0.60770565 ... -0.15228678  0.16925308
   0.2534674 ]]
diag_len: 106
static: [ 0.42082953  1.         -0.4331298 ]
label: [0. 0.]